,predictions
0,0
1,0
2,0
3,1
4,0
5,0
6,1
7,1
8,1
9,0
10,0
11,0
12,0
13,1
14,1
15,0
16,0
17,1
18,0
19,1
20,0
21,1
22,0
23,0
24,0
25,1
26,0
27,0
28,1
29,0
30,0
31,0
32,0
33,0
34,0
35,1
36,0
37,0
38,0
39,0
40,1
41,0
42,0
43,0
44,1
45,0
46,0
47,1
48,0
49,1
50,0
51,1
52,1
53,0
54,0
55,0
56,0
57,0
58,0
59,0
60,0
61,0
62,1
63,0
64,0
65,0
66,0
67,1
68,1
69,1
70,1
71,1
72,1
73,0
74,0
75,0
76,1
77,0
78,0
79,0
80,0
81,0
82,1
83,0
84,0
85,1
86,1
87,0
88,0
89,1
90,0
91,0
92,1
93,1
94,0
95,0
96,0
97,0
98,0
99,1
100,0
101,0
102,0
103,0
104,0
105,0
106,0
107,0
108,1
109,0
110,0
111,1
112,0
113,0
114,1
115,0
116,0
117,1
118,0
119,1
120,0
121,0
122,0
123,0
124,0
125,1
126,0
127,0
128,0
129,0
130,0
131,0
132,0
133,0
134,0
135,0
136,0
137,0
138,0
139,0
140,0
141,1
142,0
143,0
144,0
145,0
146,0
147,0
148,1
149,0
150,1
151,0
152,0
153,0
154,0
155,0
156,0
157,0
158,0
159,1
160,0
161,0
162,1
163,0
164,0
165,0
166,0
167,0
168,0
169,0
170,0
171,1
172,0
173,0
174,0
175,0
176,1
177,0
178,0
179,0
180,0
181,1
182,0
183,0
184,0
185,0
186,0
187,0
188,0
189,1
190,0
191,1
192,0
193,0
194,0
195,1
196,0
197,1
198,1
199,0
200,0
201,0
202,0
203,0
204,0
205,1
206,0
207,0
208,0
209,0
210,0
211,0
212,0
213,1
214,0
215,0
216,1
217,0
218,0
219,1
220,0
221,1
222,1
223,0
224,0
225,0
226,0
227,0
228,0
229,0
230,0
231,1
232,0
233,0
234,0
235,0
236,1
237,1
238,1
239,0
240,0
241,1
242,0
243,1
244,1
245,1
246,0
247,0
248,0
249,0
250,0
251,0
252,1
253,0
254,0
255,0
256,0
257,0
258,0
259,0
260,0
261,0
262,0
263,0
264,0
265,0
266,0
267,0
268,1
269,1
270,0
271,1
272,0
273,1
274,1
275,0
276,0
277,0
278,0
279,0
280,0
281,0
282,0
283,0
284,0
285,0
286,0
287,0
288,0
289,0
290,0
291,0
292,1
293,1
294,0
295,0
296,0
297,1
298,0
299,0
300,1
301,0
302,0
303,1
304,1
305,0
306,0
307,0
308,0
309,0
310,0
311,0
312,0
313,0
314,0
315,1
316,1
317,0
318,0
319,0
320,0
321,0
322,1
323,0
324,1
325,0
326,1
327,0
328,1
329,0
330,0
331,0
332,0
333,0
334,0
335,0
336,0
337,1
338,1
339,0
340,0
341,1
342,0
343,0
344,1
345,1
346,0
347,0
348,0
349,0
350,1
351,0
352,0
353,0
354,0
355,0
356,1
