,predictions
0,0
1,0
2,1
3,0
4,0
5,0
6,0
7,0
8,1
9,1
10,1
11,1
12,0
13,0
14,0
15,0
16,1
17,0
18,0
19,0
20,1
21,1
22,0
23,0
24,0
25,1
26,0
27,0
28,0
29,0
30,0
31,0
32,0
33,0
34,0
35,0
36,1
37,0
38,0
39,0
40,0
41,0
42,0
43,0
44,0
45,1
46,1
47,0
48,0
49,0
50,0
51,1
52,1
53,0
54,0
55,0
56,0
57,0
58,0
59,0
60,0
61,1
62,0
63,0
64,1
65,0
66,1
67,0
68,0
69,0
70,0
71,0
72,0
73,0
74,0
75,1
76,0
77,1
78,0
79,0
80,1
81,0
82,0
83,1
84,1
85,0
86,0
87,0
88,1
89,1
90,0
91,0
92,0
93,0
94,0
95,1
96,0
97,1
98,0
99,1
100,1
101,0
102,1
103,1
104,0
105,1
106,1
107,0
108,0
109,0
110,0
111,0
112,1
113,0
114,1
115,1
116,0
117,1
118,1
119,1
120,0
121,0
122,0
123,0
124,0
125,0
126,0
127,1
128,0
129,0
130,0
131,1
132,0
133,1
134,0
135,0
136,0
137,0
138,0
139,0
140,0
141,1
142,0
143,1
144,1
145,1
146,0
147,0
148,0
149,0
150,1
151,0
152,0
153,0
154,0
155,0
156,1
157,1
158,0
159,0
160,1
161,0
162,0
163,0
164,1
165,1
166,0
167,0
168,1
169,0
170,0
171,0
172,1
173,0
174,0
175,0
176,0
177,0
178,0
179,0
180,1
181,0
182,0
183,0
184,1
185,0
186,0
187,1
188,0
189,0
190,1
191,0
192,0
193,1
194,1
195,0
196,0
197,0
198,0
199,1
200,0
201,1
202,0
203,0
204,1
205,0
206,0
207,0
208,0
209,0
210,1
211,0
212,0
213,1
214,0
215,1
216,0
217,0
218,1
219,0
220,0
221,1
222,0
223,0
224,0
225,0
226,1
227,0
228,1
229,0
230,0
231,0
232,0
233,0
234,0
235,1
236,0
237,0
238,0
239,1
240,0
241,0
242,1
243,1
244,0
245,0
246,0
247,0
248,0
249,1
250,0
251,0
252,1
253,1
254,0
255,0
256,0
257,0
258,0
259,0
260,1
261,1
262,0
263,0
264,1
265,0
266,0
267,0
268,0
269,0
270,0
271,0
272,1
273,0
274,0
275,0
276,1
277,1
278,0
279,0
280,1
281,1
282,0
283,0
284,0
285,0
286,1
287,0
288,1
289,0
290,1
291,1
292,0
293,0
294,1
295,0
296,0
297,0
298,0
299,0
300,1
301,0
302,0
303,1
304,0
305,1
306,0
307,0
308,0
309,0
310,0
311,0
312,0
313,0
314,0
315,0
316,0
317,1
318,0
319,0
320,1
321,1
322,0
323,0
324,1
325,0
326,0
327,0
328,0
329,0
330,1
331,0
332,0
333,0
334,0
335,0
336,0
337,0
338,0
339,0
340,0
341,0
342,1
343,1
344,0
345,0
346,0
347,0
348,0
349,0
350,0
351,1
352,1
353,1
354,1
355,0
356,0
